

b(1) =[ 1 0 ]
b(2) =[  0 0 ]
b