x=(1:8).^2

x =

     1     4     9    16    25    36    49    64

x=(0.1:0.1:1)

x =

  Columns 1 through 7

    0.1000    0.2000    0.3000    0.4000    0.5000    0.6000    0.7000

  Columns 8 through 10

    0.8000    0.9000    1.0000

length(x)

ans =

    10

x2=x(end/2:end)

x2 =

    0.5000    0.6000    0.7000    0.8000    0.9000    1.0000

x2=x(end/2+1:end)

x2 =

    0.6000    0.7000    0.8000    0.9000    1.0000

x2=x(end/2:end)

x2 =

    0.5000    0.6000    0.7000    0.8000    0.9000    1.0000

x3=x

x3 =

  Columns 1 through 7

    0.1000    0.2000    0.3000    0.4000    0.5000    0.6000    0.7000

  Columns 8 through 10

    0.8000    0.9000    1.0000

a=linspace(0,1,20)

a =

  Columns 1 through 7

         0    0.0526    0.1053    0.1579    0.2105    0.2632    0.3158

  Columns 8 through 14

    0.3684    0.4211    0.4737    0.5263    0.5789    0.6316    0.6842

  Columns 15 through 20

    0.7368    0.7895    0.8421    0.8947    0.9474    1.0000

b=0:0.05:1

b =

  Columns 1 through 7

         0    0.0500    0.1000    0.1500    0.2000    0.2500    0.3000

  Columns 8 through 14

    0.3500    0.4000    0.4500    0.5000    0.5500    0.6000    0.6500

  Columns 15 through 21

    0.7000    0.7500    0.8000    0.8500    0.9000    0.9500    1.0000

length(a) %20)

ans =

    20

length(b) %21)

ans =

    21

c=linspace(0,1,10)%10#

c =

  Columns 1 through 7

         0    0.1111    0.2222    0.3333    0.4444    0.5556    0.6667

  Columns 8 through 10

    0.7778    0.8889    1.0000

d=0:0.1:1

d =

  Columns 1 through 7

         0    0.1000    0.2000    0.3000    0.4000    0.5000    0.6000

  Columns 8 through 11

    0.7000    0.8000    0.9000    1.0000

format long
length(c)

ans =

    10

length(d)

ans =

    11

d1=0:0.11:1

d1 =

  Columns 1 through 3

                   0   0.110000000000000   0.220000000000000

  Columns 4 through 6

   0.330000000000000   0.440000000000000   0.550000000000000

  Columns 7 through 9

   0.660000000000000   0.770000000000000   0.880000000000000

  Column 10

   0.990000000000000

clear all
a=[3 7 2 9 3 4 1 6]

a =

     3     7     2     9     3     4     1     6

b=[7]

b =

     7

vec1=a==b

vec1 =

     0     1     0     0     0     0     0     0

%valores logicos
vec2=mod(a,2)%ve si el residuo de los valores del vector con cero=1logico

vec2 =

     1     1     0     1     1     0     1     0

vec3=vec1+vec2

vec3 =

     1     2     0     1     1     0     1     0

vec4=vect3.*a %. operacion elementyo por elemento
??? Undefined function or variable 'vect3'.

vec4=vec3.*a %. operacion elementyo por elemento

vec4 =

     3    14     0     9     3     0     1     0

vec5=find(a<5)

vec5 =

     1     3     5     6     7

%posiciones del valores menores a 5 del vector a
vec6=a(vec5)

vec6 =

     3     2     3     4     1

%valores de vector a de acuerdo al veac5
vec7=a(vec5)+10

vec7 =

    13    12    13    14    11

%suma 10 a los valores del vector
vec8=vec5.^2

vec8 =

     1     9    25    36    49

clear all
clc
vec17=3:3:30  %inicio : intervalo : final

vec17 =

     3     6     9    12    15    18    21    24    27    30

vct18=vec17([3 5 7:9])  %toma los valores 53 5 y 7-9 de vec17

vct18 =

     9    15    21    24    27

vec19=vec17([1:3 6 8:end])  %toma los valores 1-3 6 8-final

vec19 =

     3     6     9    18    24    27    30

vec20([1 2 3 5 7 vec17])  %toma los valores 1 2 3 5 7 y todo vec17
??? Undefined function or method 'vec20' for input arguments of type
'double'.

vec20=([1 2 3 5 7 vec17])  %toma los valores 1 2 3 5 7 y todo vec17

vec20 =

  Columns 1 through 12

     1     2     3     5     7     3     6     9    12    15    18    21

  Columns 13 through 15

    24    27    30

vec20=([1 2 3 5 7 vec17])  %crea vector con los primeros valores y añade vec17

vec20 =

  Columns 1 through 12

     1     2     3     5     7     3     6     9    12    15    18    21

  Columns 13 through 15

    24    27    30

vec21=2*vec17(2:6)

vec21 =

    12    18    24    30    36

%multiplica por 2 los valores de las pocioones 2-6 ded vec17
vec23=10:2:34

vec23 =

  Columns 1 through 12

    10    12    14    16    18    20    22    24    26    28    30    32

  Column 13

    34

i=2;
vec25=vec23([2*i 3*i 7])

vec25 =

    16    20    22






























vec25=vec23([2*i 3*i 7:10])

vec25 =

    16    20    22    24    26    28

A=[2 15 17 12 34 4 15 22 -4 10]

A =

     2    15    17    12    34     4    15    22    -4    10

impar=1:2:length(A)

impar =

     1     3     5     7     9

%crea vector de impares de la talla de a
A(impar)

ans =

     2    17    34    15    -4

%vector datos(vector posiciones)
B(impar)=A(2:2:end)

B =

    15     0    12     0     4     0    22     0    10

B(2:2:end)

ans =

     0     0     0     0

B(2:2:end)=99

B =

    15    99    12    99     4    99    22    99    10

menores=A<16

menores =

     1     1     0     1     0     1     1     0     1     1

%valores logicos de los < 16 de A
A(menores)

ans =

     2    15    12     4    15    -4    10

%vectores de menores de 16 de A
A(menores)=A(menores)+10

A =

    12    25    17    22    34    14    25    22     6    20

%suma 10 a los valores menores a 16 de A
clear all
x=-6:-1

x =

    -6    -5    -4    -3    -2    -1

all(x(:)<0)

ans =

     1

B=zeros(10,1)

B =

     0
     0
     0
     0
     0
     0
     0
     0
     0
     0

%crea vector columna de 0
clear all
clc
kt=2:30

kt =

  Columns 1 through 12

     2     3     4     5     6     7     8     9    10    11    12    13

  Columns 13 through 24

    14    15    16    17    18    19    20    21    22    23    24    25

  Columns 25 through 29

    26    27    28    29    30

kt(6)  %comsulta el elemento 6

ans =

     7

kt(3:6)=[]

kt =

  Columns 1 through 12

     2     3     8     9    10    11    12    13    14    15    16    17

  Columns 13 through 24

    18    19    20    21    22    23    24    25    26    27    28    29

  Column 25

    30

%borra los eleemntos de 3-6
kt(7:end)=[]

kt =

     2     3     8     9    10    11

%borra los eleemntos de 7-final del nuevo vecto kt
clear all

clc
%operaciones elemento por elemento
s=1:6;t=6:1;
s

s =

     1     2     3     4     5     6

t

t =

   Empty matrix: 1-by-0

s=1:6;t=6:-1:1;
s

s =

     1     2     3     4     5     6

t

t =

     6     5     4     3     2     1

s+t

ans =

     7     7     7     7     7     7

s-t

ans =

    -5    -3    -1     1     3     5

s.*t

ans =

     6    10    12    12    10     6

s./t

ans =

  Columns 1 through 3

   0.166666666666667   0.400000000000000   0.750000000000000

  Columns 4 through 6

   1.333333333333333   2.500000000000000   6.000000000000000

s.^2

ans =

     1     4     9    16    25    36

1./s

ans =

  Columns 1 through 3

   1.000000000000000   0.500000000000000   0.333333333333333

  Columns 4 through 6

   0.250000000000000   0.200000000000000   0.166666666666667

s/2

ans =

  Columns 1 through 3

   0.500000000000000   1.000000000000000   1.500000000000000

  Columns 4 through 6

   2.000000000000000   2.500000000000000   3.000000000000000

s+1

ans =

     2     3     4     5     6     7

s-2*t

ans =

   -11    -8    -5    -2     1     4

2*s

ans =

     2     4     6     8    10    12

clear all
clc
v=[1 0 6 0 8 9 0]

v =

     1     0     6     0     8     9     0

v2=logical(v), format rat

